════════════════════════════════════════════════════════════════════════════════
  CLASSIFICATION METRICS
════════════════════════════════════════════════════════════════════════════════
Method                  Contam%     #GT    #Total    Prec%     Rec%      F1     FPR%      TP      FP  TotalTime(s)
------------------------------------------------------------------------------------------------------------------
Isolation Forest         0.0100      30    260786   100.00    90.00  0.9474   0.0000      27       0        2835.0
LOF                                                 100.00    76.67  0.8679   0.0000      23       0              
One-Class SVM                                         0.30   100.00  0.0060   3.8162      30    9951              
OC-PCA                                              100.00    90.00  0.9474   0.0000      27       0              
GODS                                                  0.01    46.67  0.0002  51.4723      14  134217              
------------------------------------------------------------------------------------------------------------------
Isolation Forest         0.0500     151    260907   100.00    86.75  0.9291   0.0000     131       0        1640.2
LOF                                                  46.09    39.07  0.4229   0.0265      59      69              
One-Class SVM                                         2.93    98.01  0.0568   1.8834     148    4911              
OC-PCA                                              100.00    86.75  0.9291   0.0000     131       0              
GODS                                                  0.09    99.34  0.0019  60.7886     150  158510              
------------------------------------------------------------------------------------------------------------------
Isolation Forest         0.1000     302    261058   100.00    86.75  0.9291   0.0000     262       0        1949.4
LOF                                                  27.59    23.84  0.2558   0.0725      72     189              
One-Class SVM                                         8.64    97.68  0.1588   1.1961     295    3119              
OC-PCA                                              100.00    86.75  0.9291   0.0000     262       0              
GODS                                                  0.19    97.68  0.0038  59.7233     295  155732              
------------------------------------------------------------------------------------------------------------------
Isolation Forest         0.2000     605    261361   100.00    86.45  0.9273   0.0000     523       0        1078.1
LOF                                                   9.87     8.60  0.0919   0.1822      52     475              
One-Class SVM                                        30.40    97.52  0.4635   0.5181     590    1351              
OC-PCA                                              100.00    86.45  0.9273   0.0000     523       0              
GODS                                                  0.36    97.52  0.0072  62.0611     590  161828              
------------------------------------------------------------------------------------------------------------------
Isolation Forest         0.4000    1209    261965   100.00    86.68  0.9287   0.0000    1048       0        2249.6
LOF                                                   5.64     4.96  0.0528   0.3847      60    1003              
One-Class SVM                                        46.08    97.27  0.6254   0.5277    1176    1376              
OC-PCA                                              100.00    86.68  0.9287   0.0000    1048       0              
GODS                                                  0.69    97.44  0.0137  64.9929    1178  169473              
------------------------------------------------------------------------------------------------------------------
Isolation Forest         0.6000    1300    262056    82.64   100.00  0.9050   0.1047    1300     273        2846.2
LOF                                                   3.66     4.38  0.0399   0.5760      57    1502              
One-Class SVM                                        66.94   100.00  0.8020   0.2462    1300     642              
OC-PCA                                               82.64   100.00  0.9050   0.1047    1300     273              
GODS                                                  0.71    96.15  0.0141  67.1751    1250  175163              
------------------------------------------------------------------------------------------------------------------
Isolation Forest         0.8000    1300    262056    61.99   100.00  0.7654   0.3056    1300     797        2445.0
LOF                                                   2.72     4.31  0.0334   0.7678      56    2002              
One-Class SVM                                        55.08   100.00  0.7104   0.4065    1300    1060              
OC-PCA                                               61.99   100.00  0.7654   0.3056    1300     797              
GODS                                                  0.72    94.46  0.0144  64.5189    1228  168237              
------------------------------------------------------------------------------------------------------------------
Isolation Forest         1.0000    1300    262056    49.60   100.00  0.6631   0.5066    1300    1321        2677.9
LOF                                                   2.18     4.31  0.0289   0.9641      56    2514              
One-Class SVM                                        46.51   100.00  0.6349   0.5733    1300    1495              
OC-PCA                                               49.60   100.00  0.6631   0.5066    1300    1321              
GODS                                                  0.74    95.54  0.0148  63.4612    1242  165479              
------------------------------------------------------------------------------------------------------------------

════════════════════════════════════════════════════════════════════════════════
  TIMING BREAKDOWN  (Preproc shared; PCA and Fit are per-method)
════════════════════════════════════════════════════════════════════════════════
Method                  Contam%  Preproc(s)    PCA(s)    Fit(s)  Subtotal(s)
----------------------------------------------------------------------------
Isolation Forest         0.0100      40.796    38.364    29.534      108.694
LOF                                            18.238  2495.030     2513.268
One-Class SVM                                  35.925     7.832       43.757
OC-PCA                                                  102.715      102.715
GODS                                           35.568    20.083       55.651
----------------------------------------------------------------------------
Isolation Forest         0.0500      44.930    44.108    39.473      128.511
LOF                                            23.834  1314.082     1337.916
One-Class SVM                                  41.840     3.956       45.796
OC-PCA                                                   70.508       70.508
GODS                                           38.921     9.959       48.880
----------------------------------------------------------------------------
Isolation Forest         0.1000      48.249    42.129    30.060      120.438
LOF                                            22.127  1625.475     1647.602
One-Class SVM                                  35.569     2.303       37.872
OC-PCA                                                   79.971       79.971
GODS                                           37.904    14.917       52.821
----------------------------------------------------------------------------
Isolation Forest         0.2000      49.985    38.212    32.895      121.092
LOF                                            22.744   775.447      798.191
One-Class SVM                                  37.112     2.191       39.303
OC-PCA                                                   67.293       67.293
GODS                                           34.130     8.511       42.641
----------------------------------------------------------------------------
Isolation Forest         0.4000      64.123    42.946    33.278      140.347
LOF                                            21.436  1883.966     1905.402
One-Class SVM                                  39.554     1.767       41.321
OC-PCA                                                   85.374       85.374
GODS                                           38.971    17.998       56.969
----------------------------------------------------------------------------
Isolation Forest         0.6000      47.599    39.306    33.680      120.585
LOF                                            20.162  2352.189     2372.351
One-Class SVM                                  38.631     1.721       40.352
OC-PCA                                                  107.546      107.546
GODS                                           39.099   150.958      190.057
----------------------------------------------------------------------------
Isolation Forest         0.8000      63.876    40.249    29.829      133.954
LOF                                            20.531  2096.236     2116.767
One-Class SVM                                  40.471     2.082       42.553
OC-PCA                                                   75.139       75.139
GODS                                           39.813    20.517       60.330
----------------------------------------------------------------------------
Isolation Forest         1.0000      57.054    38.918    30.293      126.265
LOF                                            20.624  2308.535     2329.159
One-Class SVM                                  35.009     3.008       38.017
OC-PCA                                                  102.537      102.537
GODS                                           36.063    34.383       70.446
----------------------------------------------------------------------------
